2 995 0
3 996 0.0675932
4 997 0.292279
5 998 0.642567
6 999 1.12805
0 1000.0 1.803
1 1002.0 3.703
2 1004.0 6.815
3 1006.0 11.966
4 1008.0 20.814
5 1010.0 36.968
6 1012.0 69.323
7 1014.0 143.687
8 1016.0 351.283
9 1018.0 992.112
10 1020.0 1302.113
11 1022.0 592.574
12 1024.0 288.031
13 1026.0 168.984
14 1028.0 112.586
15 1030.0 81.551
16 1032.0 62.564
17 1034.0 50.024
18 1036.0 41.251
19 1038.0 34.835
20 1040.0 29.974
21 1042.0 26.186
22 1044.0 23.162
23 1046.0 20.701
24 1048.0 18.663
25 1050.0 16.952
26 1052.0 15.498
27 1054.0 14.247
28 1056.0 13.162
29 1058.0 12.212
30 1059.947 12.09
31 1062.0 10.63
32 1064.0 9.966
33 1066.0 9.368
34 1068.0 8.829
35 1070.0 8.34
36 1072.0 7.895
37 1074.0 7.488
38 1076.0 7.114
39 1078.0 6.77
40 1080.0 6.452
41 1082.0 6.158
42 1084.0 5.885
43 1086.0 5.631
44 1088.0 5.394
45 1090.0 5.172
46 1092.0 4.965
47 1094.0 4.77
48 1096.0 4.587
49 1098.0 4.414
50 1100.0 4.252
51 1102.0 4.099
52 1104.0 3.953
53 1106.0 3.816
54 1108.0 3.686
55 1110.0 3.562
56 1112.0 3.445
57 1114.0 3.333
58 1116.0 3.227
59 1118.0 3.125
60 1120.0 3.028
61 1122.0 2.936
62 1124.0 2.848
63 1126.0 2.763
64 1128.0 2.683
65 1130.0 2.605
66 1132.0 2.531
67 1134.0 2.46
68 1136.0 2.392
69 1138.0 2.326
70 1140.0 2.263
71 1142.0 2.203
72 1144.0 2.144
73 1146.0 2.088
74 1148.0 2.034
75 1150.0 1.982
76 1152.0 1.932
77 1154.0 1.884
78 1156.0 1.837
79 1158.0 1.792
80 1160.0 1.749
81 1162.0 1.707
82 1164.0 1.666
83 1166.0 1.627
84 1168.0 1.589
85 1170.0 1.552
86 1172.0 1.517
87 1174.0 1.482
88 1176.0 1.449
89 1178.0 1.417
90 1180.0 1.385
91 1182.0 1.355
92 1184.0 1.326
93 1186.0 1.297
94 1188.0 1.27
95 1190.0 1.243
96 1192.0 1.217
97 1194.0 1.192
98 1196.0 1.167
99 1198.0 1.143
100 1200.0 1.12
101 1202.0 1.098
102 1204.0 1.076
103 1206.0 1.055
104 1208.0 1.034
105 1210.0 1.014
106 1212.0 0.994
107 1214.0 0.975
108 1216.0 0.957
109 1218.0 0.939
110 1220.0 0.921
111 1222.0 0.904
112 1224.0 0.888
113 1226.0 0.872
114 1228.0 0.856
115 1230.0 0.84
116 1232.0 0.826
117 1234.0 0.811
118 1236.0 0.797
119 1238.0 0.783
120 1240.0 0.77
121 1242.0 0.756
122 1244.0 0.744
123 1246.0 0.731
124 1248.0 0.719
125 1250.0 0.707
126 1252.0 0.695
127 1254.0 0.684
128 1256.0 0.673
129 1258.0 0.662
130 1260.0 0.652
131 1262.0 0.642
132 1264.0 0.631
133 1266.0 0.622
134 1268.0 0.612
135 1270.0 0.603
136 1272.0 0.594
137 1274.0 0.585
138 1277.0 0.576
139 1279.0 0.567
140 1281.0 0.559
141 1283.0 0.551
142 1285.0 0.543
143 1287.0 0.535
144 1289.0 0.527
145 1291.0 0.52
146 1293.0 0.513
147 1295.0 0.505
148 1297.0 0.498
149 1299.0 0.491
150 1301.0 0.485
151 1303.0 0.478
152 1305.0 0.472
153 1307.0 0.465
154 1309.0 0.459
155 1311.0 0.453
156 1313.0 0.447
157 1315.0 0.441
158 1317.0 0.435
159 1319.0 0.429
160 1321.0 0.423
161 1323.0 0.417
162 1325.0 0.412
163 1327.0 0.406
164 1329.0 0.401
165 1331.0 0.396
166 1333.0 0.39
167 1335.0 0.385
168 1337.0 0.38
169 1339.0 0.375
170 1341.0 0.37
171 1343.0 0.365
172 1345.0 0.36
173 1347.0 0.355
174 1349.0 0.35
175 1351.0 0.345
176 1353.0 0.341
177 1355.0 0.336
178 1357.0 0.331
179 1359.0 0.327
180 1361.0 0.322
181 1363.0 0.318
182 1365.0 0.313
183 1367.0 0.309
184 1369.0 0.305
185 1371.0 0.3
186 1373.0 0.296
187 1375.0 0.292
188 1377.0 0.288
189 1379.0 0.285
190 1381.0 0.281
191 1383.0 0.277
192 1385.0 0.274
193 1387.0 0.27
194 1389.0 0.267
195 1391.0 0.264
196 1393.0 0.261
197 1395.0 0.259
198 1397.0 0.256
199 1399.0 0.254
200 1401.0 0.252
201 1403.0 0.25
202 1405.0 0.248
203 1407.0 0.247
204 1409.0 0.245
205 1411.0 0.244
206 1413.0 0.244
207 1415.0 0.243
208 1417.0 0.243
209 1419.0 0.243
210 1421.0 0.243
211 1423.0 0.243
212 1425.0 0.244
213 1427.0 0.245
214 1429.0 0.246
215 1431.0 0.248
216 1433.0 0.249
217 1435.0 0.251
218 1437.0 0.254
219 1439.0 0.256
220 1441.0 0.259
221 1443.0 0.262
222 1445.0 0.266
223 1447.0 0.269
224 1449.0 0.273
225 1451.0 0.277
226 1453.0 0.282
227 1455.0 0.286
228 1457.0 0.291
229 1459.0 0.296
230 1461.0 0.302
231 1463.0 0.307
232 1465.0 0.313
233 1467.0 0.319
234 1469.0 0.326
235 1471.0 0.332
236 1473.0 0.339
237 1475.0 0.346
238 1477.0 0.353
239 1479.0 0.361
240 1481.0 0.369
241 1483.0 0.377
242 1485.0 0.385
243 1487.0 0.393
244 1489.0 0.402
245 1491.0 0.411
246 1493.0 0.42
247 1495.0 0.43
248 1497.0 0.439
249 1499.0 0.449
250 1501.0 0.459
251 1503.0 0.47
252 1505.0 0.48
253 1507.0 0.491
254 1509.0 0.502
255 1511.0 0.514
256 1513.0 0.525
257 1515.0 0.537
258 1517.0 0.549
259 1519.0 0.561
260 1521.0 0.573
261 1523.0 0.586
262 1525.0 0.599
263 1527.0 0.611
264 1529.0 0.625
265 1531.0 0.638
266 1533.0 0.651
267 1535.0 0.665
268 1537.0 0.678
269 1539.0 0.692
270 1541.0 0.706
271 1543.0 0.72
272 1545.0 0.734
273 1547.0 0.748
274 1549.0 0.762
275 1551.0 0.775
276 1553.0 0.789
277 1555.0 0.803
278 1557.0 0.817
279 1559.0 0.831
280 1561.0 0.844
281 1563.0 0.857
282 1565.0 0.871
283 1567.0 0.884
284 1569.0 0.896
285 1571.0 0.909
286 1573.0 0.921
287 1575.0 0.933
288 1577.0 0.944
289 1579.0 0.955
290 1581.0 0.966
291 1583.0 0.976
292 1585.0 0.985
293 1587.0 0.995
294 1589.0 1.003
295 1591.0 1.011
296 1593.0 1.019
297 1595.0 1.025
298 1597.0 1.031
299 1599.0 1.037
300 1601.0 1.041
301 1603.0 1.045
302 1605.0 1.048
303 1607.0 1.05
304 1609.0 1.052
305 1611.0 1.052
306 1613.0 1.052
307 1615.0 1.05
308 1617.0 1.048
309 1619.0 1.044
310 1621.0 1.04
311 1623.0 1.035
312 1625.0 1.028
313 1627.0 1.021
314 1629.0 1.012
315 1631.0 1.003
316 1633.0 0.992
317 1635.0 0.981
318 1637.0 0.968
319 1639.0 0.955
320 1641.0 0.94
321 1643.0 0.925
322 1645.0 0.908
323 1647.0 0.891
324 1649.0 0.873
325 1651.0 0.854
326 1653.0 0.835
327 1655.0 0.815
328 1657.0 0.794
329 1659.0 0.773
330 1661.0 0.752
331 1663.0 0.73
332 1665.0 0.708
333 1667.0 0.686
334 1669.0 0.663
335 1671.0 0.641
336 1673.0 0.618
337 1675.0 0.596
338 1677.0 0.574
339 1679.0 0.552
340 1681.0 0.53
341 1683.0 0.508
342 1685.0 0.487
343 1687.0 0.467
344 1689.0 0.446
345 1691.0 0.427
346 1693.0 0.407
347 1695.0 0.389
348 1697.0 0.37
349 1699.0 0.353
350 1701.0 0.336
351 1703.0 0.32
352 1705.0 0.304
353 1707.0 0.289
354 1709.0 0.274
355 1711.0 0.26
356 1713.0 0.247
357 1715.0 0.234
358 1717.0 0.222
359 1719.0 0.21
360 1721.0 0.199
361 1723.0 0.188
362 1725.0 0.178
363 1727.0 0.169
364 1729.0 0.16
365 1731.0 0.151
366 1733.0 0.143
367 1735.0 0.135
368 1737.0 0.128
369 1739.0 0.121
370 1741.0 0.114
371 1743.0 0.108
372 1745.0 0.102
373 1747.0 0.097
374 1749.0 0.092
375 1751.0 0.087
376 1753.0 0.082
377 1755.0 0.078
378 1757.0 0.074
379 1759.0 0.07
380 1761.0 0.067
381 1763.0 0.063
382 1765.0 0.06
383 1767.0 0.057
384 1769.0 0.055
385 1771.0 0.052
386 1773.0 0.05
387 1775.0 0.048
388 1777.0 0.046
389 1779.0 0.044
390 1781.0 0.042
391 1783.0 0.04
392 1785.0 0.039
393 1787.0 0.037
394 1789.0 0.036
395 1791.0 0.035
396 1793.0 0.034
397 1795.0 0.033
398 1797.0 0.032
399 1799.0 0.031
400 1801.0 0.03
401 1803.0 0.029
402 1805.0 0.029
403 1807.0 0.028
404 1809.0 0.028
405 1811.0 0.027
406 1813.0 0.027
407 1815.0 0.027
408 1817.0 0.026
409 1819.0 0.026
410 1821.0 0.026
411 1823.0 0.026
412 1826.0 0.026
413 1828.0 0.026
414 1830.0 0.026
415 1832.0 0.026
416 1834.0 0.026
417 1836.0 0.026
418 1838.0 0.026
419 1840.0 0.026
420 1842.0 0.026
421 1844.0 0.026
422 1846.0 0.027
423 1848.0 0.027
424 1850.0 0.027
425 1852.0 0.027
426 1854.0 0.028
427 1856.0 0.028
428 1858.0 0.028
429 1860.0 0.029
430 1862.0 0.029
431 1864.0 0.029
432 1866.0 0.03
433 1868.0 0.03
434 1870.0 0.031
435 1872.0 0.031
436 1874.0 0.032
437 1876.0 0.032
438 1878.0 0.033
439 1880.0 0.033
440 1882.0 0.034
441 1884.0 0.034
442 1886.0 0.035
443 1888.0 0.035
444 1890.0 0.036
445 1892.0 0.036
446 1894.0 0.037
447 1896.0 0.038
448 1898.0 0.038
449 1900.0 0.039
450 1902.0 0.04
451 1904.0 0.04
452 1906.0 0.041
453 1908.0 0.042
454 1910.0 0.043
455 1912.0 0.043
456 1914.0 0.044
457 1916.0 0.045
458 1918.0 0.046
459 1920.0 0.046
460 1922.0 0.047
461 1924.0 0.048
462 1926.0 0.049
463 1928.0 0.05
464 1930.0 0.051
465 1932.0 0.052
466 1934.0 0.053
467 1936.0 0.054
468 1938.0 0.055
469 1940.0 0.056
470 1942.0 0.057
471 1944.0 0.058
472 1946.0 0.059
473 1948.0 0.06
474 1950.0 0.061
475 1952.0 0.062
476 1954.0 0.064
477 1956.0 0.065
478 1958.0 0.066
479 1960.0 0.067
480 1962.0 0.069
481 1964.0 0.07
482 1966.0 0.071
483 1968.0 0.073
484 1970.0 0.074
485 1972.0 0.076
486 1974.0 0.077
487 1976.0 0.079
488 1978.0 0.081
489 1980.0 0.082
490 1982.0 0.084
491 1984.0 0.086
492 1986.0 0.088
493 1988.0 0.09
494 1990.0 0.092
495 1992.0 0.094
496 1994.0 0.096
497 1996.0 0.098
498 1998.0 0.1
499 2000.0 0.102
500 2002.0 0.105
501 2004.0 0.107
502 2006.0 0.11
503 2008.0 0.112
504 2010.0 0.115
505 2012.0 0.117
506 2014.0 0.12
507 2016.0 0.123
508 2018.0 0.126
509 2020.0 0.129
510 2022.0 0.133
511 2024.0 0.136
512 2026.0 0.139
513 2028.0 0.143
514 2030.0 0.147
515 2032.0 0.15
516 2034.0 0.154
517 2036.0 0.158
518 2038.0 0.163
519 2040.0 0.167
520 2042.0 0.172
521 2044.0 0.176
522 2046.0 0.181
523 2048.0 0.186
524 2050.0 0.192
525 2052.0 0.197
526 2054.0 0.203
527 2056.0 0.209
528 2058.0 0.215
529 2060.0 0.221
530 2062.0 0.228
531 2064.0 0.235
532 2066.0 0.242
533 2068.0 0.249
534 2070.0 0.257
535 2072.0 0.265
536 2074.0 0.273
537 2076.0 0.282
538 2078.0 0.291
539 2080.0 0.301
540 2082.0 0.311
541 2084.0 0.321
542 2086.0 0.332
543 2088.0 0.343
544 2090.0 0.355
545 2092.0 0.368
546 2094.0 0.381
547 2096.0 0.394
548 2098.0 0.409
549 2100.0 0.424
